bd d8 cf ff ff      
bc 1b ce ff ff      
55                  
89 e5               
83 ec 10            
8b 45 08            
c7 40 40 5a 00 00 00
8b 45 08            
05 90 01 00 00      
c7 40 40 50 00 00 00
8b 45 08            
05 20 03 00 00      
c7 40 40 5a 00 00 00
8b 45 08            
05 b0 04 00 00      
c7 40 40 64 00 00 00
8b 45 08            
05 40 06 00 00      
c7 40 40 09 00 00 00
8b 45 08            
05 d0 07 00 00      
c7 40 40 09 00 00 00
8b 45 08            
05 60 09 00 00      
c7 40 40 09 00 00 00
c7 45 fc 07 00 00 00
8b 45 fc            
69 d0 90 01 00 00   
8b 45 08            
01 d0               
c7 40 40 09 00 00 00
8b 45 08            
05 80 0c 00 00      
c7 40 40 5f 00 00 00
8b 45 08            
05 10 0e 00 00      
c7 40 40 5f 00 00 00
8b 45 08            
05 a0 0f 00 00      
c7 40 40 5d 00 00 00
c9                  
bc b0 cf ff ff      
bb 00 70 74 55      
03 25 fc ff ff ff   
c7 04 24 92 87 04 08
c3                  
